28
    1   835   735
    2  1670  1470
    3  3340  2940
    4  1087   987
    5  1087   987
    6   517   417
    7  1034   834
    8  2068  1668
    9  1034   834
   10   630   530
   11  1260  1060
   12  1260  1060
   13  1071   971
   14   165    65
   15   330   130
   16   495   195
   17   176    76
   18   663   563
   19  1326  1126
   20  1326  1126
   21   984   884
   22   600   630
   23   600   630
   24   600   630
   25   600   900
   26   600   900    
   27   300   250
   28   500   302  
8500
