70
    1   835   735
    2  1670  1470
    3  3340  2940
    4  1087   987
    5  1087   987
    6   517   417
    7  1034   834
    8  2068  1668
    9  1034   834
   10   630   530
   11  1260  1060
   12  1260  1060
   13  1071   971
   14   165    65
   15   330   130
   16   495   195
   17   176    76
   18   663   563
   19  1326  1126
   20  1326  1126
   21   984   884
   22  1968  1768
   23  2952  2652
   24   829   729
   25  1658  1458
   26  3316  2916
   27   829   729
   28   663   563
   29  1326  1126
   30  1989  1689
   31  1086   986
   32  1086   986
   33   639   539
   34  1278  1078
   35  2556  2156
   36  1917  1617
   37   895   795
   38  1790  1590
   39  3580  3180
   40   888   788
   41  1776  1576
   42  3552  3152
   43  2664  2364
   44   232   132
   45   464   264
   46   928   528
   47   464   264
   48   472   372
   49   944   744
   50   691   591
   51  1382  1182
   52  2764  2364
   53  1052   952
   54  1052   952
   55  1057   957
   56  2114  1914
   57  2114  1914
   58   456   356
   59   912   712
   60   651   551
   61  1302  1102
   62  1953  1653
   63   711   611
   64  1422  1222
   65  1042   942
   66   232   132
   67   464   264
   68   696   396
   69  1099   999
   70  1099   999
64302